1 1 -0.002053
1 2 0.367729
1 3 0.831391
1 4 1.009653
1 5 1.139648
1 6 1.219763
1 7 1.278990
1 8 1.321907
1 9 1.355309
1 10 1.381339
1 11 1.402361
1 12 1.419411
1 13 1.433505
1 14 1.445199
1 15 1.454991
1 16 1.463202
1 17 1.470099
1 18 1.475874
1 19 1.480684
1 20 1.484637
1 21 1.487835
1 22 1.490326
1 23 1.492188
1 24 1.493414
1 25 1.494076
1 26 1.494110
1 27 1.493596
1 28 1.492407
1 29 1.490632
1 30 1.488070
1 31 1.484824
1 32 1.480587
1 33 1.475477
1 34 1.469035
1 35 1.461383
1 36 1.451812
1 37 1.440424
1 38 1.426057
1 39 1.408700
1 40 1.386286
1 41 1.358337
1 42 1.320722
1 43 1.270870
1 44 1.199364
1 45 1.090446
1 46 0.925798
1 47 0.547097
1 48 0.134111
2 1 -0.375933
2 2 -0.008210
2 3 0.547299
2 4 0.852694
2 5 1.061598
2 6 1.210352
2 7 1.317392
2 8 1.399492
2 9 1.462635
2 10 1.513137
2 11 1.553703
2 12 1.587031
2 13 1.614529
2 14 1.637491
2 15 1.656718
2 16 1.672889
2 17 1.686483
2 18 1.697885
2 19 1.707381
2 20 1.715210
2 21 1.721519
2 22 1.726482
2 23 1.730132
2 24 1.732618
2 25 1.733867
2 26 1.734030
2 27 1.732918
2 28 1.730701
2 29 1.727057
2 30 1.722181
2 31 1.715579
2 32 1.707477
2 33 1.697140
2 34 1.684818
2 35 1.669404
2 36 1.651151
2 37 1.628325
2 38 1.601100
2 39 1.566582
2 40 1.524593
2 41 1.469841
2 42 1.400858
2 43 1.306591
2 44 1.181032
2 45 0.994758
2 46 0.736112
2 47 0.245834
2 48 -0.103605
3 1 -0.843707
3 2 -0.571912
3 3 -0.018473
3 4 0.320208
3 5 0.578947
3 6 0.767372
3 7 0.912220
3 8 1.023638
3 9 1.112403
3 10 1.183417
3 11 1.241547
3 12 1.289340
3 13 1.329171
3 14 1.362484
3 15 1.390520
3 16 1.414150
3 17 1.434066
3 18 1.450799
3 19 1.464767
3 20 1.476275
3 21 1.485604
3 22 1.492884
3 23 1.498339
3 24 1.501941
3 25 1.503903
3 26 1.504039
3 27 1.502578
3 28 1.499156
3 29 1.494039
3 30 1.486643
3 31 1.477283
3 32 1.465084
3 33 1.450409
3 34 1.431963
3 35 1.410146
3 36 1.383005
3 37 1.350928
3 38 1.310833
3 39 1.262953
3 40 1.202099
3 41 1.127909
3 42 1.030870
3 43 0.908745
3 44 0.742516
3 45 0.523544
3 46 0.220713
3 47 -0.243192
3 48 -0.539909
4 1 -1.026063
4 2 -0.885536
4 3 -0.369434
4 4 -0.032839
4 5 0.240498
4 6 0.452429
4 7 0.619111
4 8 0.752575
4 9 0.859923
4 10 0.947878
4 11 1.020253
4 12 1.080580
4 13 1.131060
4 14 1.173596
4 15 1.209532
4 16 1.239934
4 17 1.265644
4 18 1.287295
4 19 1.305401
4 20 1.320371
4 21 1.332477
4 22 1.342022
4 23 1.349070
4 24 1.353893
4 25 1.356351
4 26 1.356730
4 27 1.354676
4 28 1.350513
4 29 1.343638
4 30 1.334435
4 31 1.321985
4 32 1.306742
4 33 1.287358
4 34 1.264355
4 35 1.235754
4 36 1.202130
4 37 1.160504
4 38 1.111442
4 39 1.050263
4 40 0.977364
4 41 0.884961
4 42 0.772949
4 43 0.627552
4 44 0.448205
4 45 0.207890
4 46 -0.079875
4 47 -0.526173
4 48 -0.690794
5 1 -1.160176
5 2 -1.102623
5 3 -0.640524
5 4 -0.322535
5 5 -0.051306
5 6 0.167652
5 7 0.346600
5 8 0.492836
5 9 0.613597
5 10 0.713660
5 11 0.797375
5 12 0.867677
5 13 0.927080
5 14 0.977436
5 15 1.020198
5 16 1.056565
5 17 1.087400
5 18 1.113473
5 19 1.135327
5 20 1.153418
5 21 1.168132
5 22 1.179665
5 23 1.188340
5 24 1.194112
5 25 1.197307
5 26 1.197631
5 27 1.195451
5 28 1.190200
5 29 1.182311
5 30 1.170890
5 31 1.156457
5 32 1.137693
5 33 1.115214
5 34 1.087121
5 35 1.054127
5 36 1.013474
5 37 0.965962
5 38 0.907489
5 39 0.838906
5 40 0.753903
5 41 0.653342
5 42 0.527213
5 43 0.376527
5 44 0.185665
5 45 -0.044413
5 46 -0.324471
5 47 -0.712619
5 48 -0.812957
6 1 -1.244382
6 2 -1.259622
6 3 -0.841216
6 4 -0.550945
6 5 -0.290691
6 6 -0.073866
6 7 0.108529
6 8 0.261464
6 9 0.389979
6 10 0.498404
6 11 0.590160
6 12 0.668103
6 13 0.734532
6 14 0.791210
6 15 0.839692
6 16 0.881054
6 17 0.916340
6 18 0.946227
6 19 0.971383
6 20 0.992270
6 21 1.009252
6 22 1.022693
6 23 1.032681
6 24 1.039566
6 25 1.043159
6 26 1.043849
6 27 1.041151
6 28 1.035528
6 29 1.026158
6 30 1.013603
6 31 0.996628
6 32 0.975914
6 33 0.949692
6 34 0.918772
6 35 0.880653
6 36 0.836285
6 37 0.782105
6 38 0.719219
6 39 0.642463
6 40 0.553159
6 41 0.443711
6 42 0.315919
6 43 0.158651
6 44 -0.024456
6 45 -0.250302
6 46 -0.498670
6 47 -0.854558
6 48 -0.885214
7 1 -1.307739
7 2 -1.374844
7 3 -0.998446
7 4 -0.733974
7 5 -0.490249
7 6 -0.280743
7 7 -0.100508
7 8 0.053992
7 9 0.186144
7 10 0.299356
7 11 0.396348
7 12 0.479684
7 13 0.551243
7 14 0.612875
7 15 0.665792
7 16 0.711307
7 17 0.750194
7 18 0.783350
7 19 0.811294
7 20 0.834579
7 21 0.853601
7 22 0.868604
7 23 0.879951
7 24 0.887588
7 25 0.891909
7 26 0.892547
7 27 0.889973
7 28 0.883474
7 29 0.873632
7 30 0.859332
7 31 0.841288
7 32 0.817893
7 33 0.790014
7 34 0.755410
7 35 0.715120
7 36 0.666045
7 37 0.609432
7 38 0.540990
7 39 0.462242
7 40 0.367237
7 41 0.257985
7 42 0.126363
7 43 -0.024583
7 44 -0.204859
7 45 -0.410812
7 46 -0.640791
7 47 -0.954720
7 48 -0.942597
8 1 -1.354751
8 2 -1.465219
8 3 -1.122136
8 4 -0.883965
8 5 -0.656901
8 6 -0.458415
8 7 -0.283525
8 8 -0.131214
8 9 0.001444
8 10 0.116470
8 11 0.216405
8 12 0.302950
8 13 0.378127
8 14 0.443144
8 15 0.499535
8 16 0.548105
8 17 0.589972
8 18 0.625673
8 19 0.655966
8 20 0.681248
8 21 0.701945
8 22 0.718410
8 23 0.730749
8 24 0.739342
8 25 0.743967
8 26 0.745083
8 27 0.742114
8 28 0.735639
8 29 0.724686
8 30 0.709980
8 31 0.690088
8 32 0.665903
8 33 0.635432
8 34 0.599760
8 35 0.556185
8 36 0.506019
8 37 0.445640
8 38 0.376651
8 39 0.294239
8 40 0.200456
8 41 0.089028
8 42 -0.037171
8 43 -0.185909
8 44 -0.352359
8 45 -0.546697
8 46 -0.749374
8 47 -1.036585
8 48 -0.983636
9 1 -1.392303
9 2 -1.536557
9 3 -1.223338
9 4 -1.007676
9 5 -0.798343
9 6 -0.611408
9 7 -0.444535
9 8 -0.296393
9 9 -0.165953
9 10 -0.051044
9 11 0.049555
9 12 0.137855
9 13 0.214879
9 14 0.282295
9 15 0.340839
9 16 0.391815
9 17 0.435724
9 18 0.473521
9 19 0.505569
9 20 0.532488
9 21 0.554589
9 22 0.572162
9 23 0.585545
9 24 0.594684
9 25 0.600003
9 26 0.601087
9 27 0.598486
9 28 0.591392
9 29 0.580514
9 30 0.564602
9 31 0.544551
9 32 0.518601
9 33 0.487851
9 34 0.449934
9 35 0.406188
9 36 0.353506
9 37 0.293514
9 38 0.222212
9 39 0.141617
9 40 0.046701
9 41 -0.059903
9 42 -0.184196
9 43 -0.322559
9 44 -0.481030
9 45 -0.656308
9 46 -0.841277
9 47 -1.099417
9 48 -1.017726
10 1 -1.422442
10 2 -1.595386
10 3 -1.306659
10 4 -1.112248
10 5 -0.918861
10 6 -0.744670
10 7 -0.586269
10 8 -0.444380
10 9 -0.317350
10 10 -0.204684
10 11 -0.104574
10 12 -0.016366
10 13 0.061629
10 14 0.129956
10 15 0.190049
10 16 0.242297
10 17 0.287834
10 18 0.326936
10 19 0.360417
10 20 0.388513
10 21 0.411707
10 22 0.430264
10 23 0.444320
10 24 0.454232
10 25 0.459768
10 26 0.461421
10 27 0.458566
10 28 0.451869
10 29 0.440274
10 30 0.424645
10 31 0.403449
10 32 0.377773
10 33 0.345541
10 34 0.308084
10 35 0.262709
10 36 0.211028
10 37 0.149640
10 38 0.080507
10 39 -0.000540
10 40 -0.091053
10 41 -0.195918
10 42 -0.311953
10 43 -0.444443
10 44 -0.588786
10 45 -0.751661
10 46 -0.915307
10 47 -1.152983
10 48 -1.044407
11 1 -1.447650
11 2 -1.644191
11 3 -1.377325
11 4 -1.201057
11 5 -1.023393
11 6 -0.860973
11 7 -0.712253
11 8 -0.576859
11 9 -0.454984
11 10 -0.345198
11 11 -0.247350
11 12 -0.159847
11 13 -0.082456
11 14 -0.013679
11 15 0.046671
11 16 0.099874
11 17 0.146058
11 18 0.186223
11 19 0.220482
11 20 0.249517
11 21 0.273486
11 22 0.292728
11 23 0.307498
11 24 0.317767
11 25 0.323940
11 26 0.325592
11 27 0.323315
11 28 0.316256
11 29 0.305227
11 30 0.288913
11 31 0.268362
11 32 0.241761
11 33 0.210413
11 34 0.171959
11 35 0.127983
11 36 0.075536
11 37 0.016524
11 38 -0.052613
11 39 -0.129570
11 40 -0.218454
11 41 -0.316435
11 42 -0.427905
11 43 -0.549381
11 44 -0.684604
11 45 -0.831262
11 46 -0.979923
11 47 -1.196532
11 48 -1.067433
12 1 -1.468841
12 2 -1.685937
12 3 -1.437514
12 4 -1.278163
12 5 -1.114271
12 6 -0.963950
12 7 -0.824222
12 8 -0.696543
12 9 -0.579816
12 10 -0.474470
12 11 -0.379102
12 12 -0.293872
12 13 -0.217300
12 14 -0.149475
12 15 -0.089019
12 16 -0.036012
12 17 0.010710
12 18 0.051088
12 19 0.086003
12 20 0.115459
12 21 0.140009
12 22 0.159772
12 23 0.174935
12 24 0.185782
12 25 0.192101
12 26 0.194382
12 27 0.191988
12 28 0.185643
12 29 0.174257
12 30 0.158812
12 31 0.137736
12 32 0.112287
12 33 0.080388
12 34 0.043581
12 35 -0.000728
12 36 -0.050691
12 37 -0.109417
12 38 -0.174709
12 39 -0.250129
12 40 -0.333068
12 41 -0.427352
12 42 -0.529863
12 43 -0.644354
12 44 -0.766788
12 45 -0.902139
12 46 -1.034078
12 47 -1.234834
12 48 -1.086446
13 1 -1.487181
13 2 -1.721760
13 3 -1.490048
13 4 -1.345231
13 5 -1.194735
13 6 -1.055110
13 7 -0.925044
13 8 -0.804426
13 9 -0.694104
13 10 -0.592939
13 11 -0.501525
13 12 -0.418453
13 13 -0.344153
13 14 -0.277191
13 15 -0.217917
13 16 -0.165025
13 17 -0.118801
13 18 -0.078170
13 19 -0.043327
13 20 -0.013500
13 21 0.011252
13 22 0.031346
13 23 0.046906
13 24 0.057952
13 25 0.064834
13 26 0.067144
13 27 0.065491
13 28 0.059010
13 29 0.048593
13 30 0.032901
13 31 0.013121
13 32 -0.012572
13 33 -0.042690
13 34 -0.079541
13 35 -0.121329
13 36 -0.170825
13 37 -0.225912
13 38 -0.289758
13 39 -0.359903
13 40 -0.439760
13 41 -0.526496
13 42 -0.623478
13 43 -0.727539
13 44 -0.841200
13 45 -0.963002
13 46 -1.082534
13 47 -1.267225
13 48 -1.103341
14 1 -1.503075
14 2 -1.753286
14 3 -1.535924
14 4 -1.404817
14 5 -1.265908
14 6 -1.137170
14 7 -1.015577
14 8 -0.902941
14 9 -0.798279
14 10 -0.702617
14 11 -0.614654
14 12 -0.535191
14 13 -0.462772
14 14 -0.398066
14 15 -0.339647
14 16 -0.288079
14 17 -0.242100
14 18 -0.202154
14 19 -0.167244
14 20 -0.137652
14 21 -0.112719
14 22 -0.092522
14 23 -0.076794
14 24 -0.065361
14 25 -0.058389
14 26 -0.055419
14 27 -0.057077
14 28 -0.062597
14 29 -0.073080
14 30 -0.087440
14 31 -0.107261
14 32 -0.131131
14 33 -0.161108
14 34 -0.195458
14 35 -0.236681
14 36 -0.282724
14 37 -0.336465
14 38 -0.395537
14 39 -0.463065
14 40 -0.536378
14 41 -0.618628
14 42 -0.706845
14 43 -0.803934
14 44 -0.906357
14 45 -1.018293
14 46 -1.124355
14 47 -1.296423
14 48 -1.117798
15 1 -1.517206
15 2 -1.780987
15 3 -1.576931
15 4 -1.457616
15 5 -1.330133
15 6 -1.210739
15 7 -1.098231
15 8 -0.992409
15 9 -0.894550
15 10 -0.803490
15 11 -0.720390
15 12 -0.643798
15 13 -0.574729
15 14 -0.511655
15 15 -0.455457
15 16 -0.404698
15 17 -0.360112
15 18 -0.320475
15 19 -0.286339
15 20 -0.256791
15 21 -0.232152
15 22 -0.211891
15 23 -0.196054
15 24 -0.184543
15 25 -0.177091
15 26 -0.174069
15 27 -0.174870
15 28 -0.180354
15 29 -0.189560
15 30 -0.203838
15 31 -0.221874
15 32 -0.245498
15 33 -0.273046
15 34 -0.306794
15 35 -0.344745
15 36 -0.389554
15 37 -0.438916
15 38 -0.495748
15 39 -0.557470
15 40 -0.627080
15 41 -0.701767
15 42 -0.784338
15 43 -0.871888
15 44 -0.966348
15 45 -1.066837
15 46 -1.162562
15 47 -1.321817
15 48 -1.130947
16 1 -1.529712
16 2 -1.805950
16 3 -1.613398
16 4 -1.505492
16 5 -1.387734
16 6 -1.278047
16 7 -1.173142
16 8 -1.075101
16 9 -0.982778
16 10 -0.897672
16 11 -0.818341
16 12 -0.746144
16 13 -0.679467
16 14 -0.619535
16 15 -0.564737
16 16 -0.516140
16 17 -0.472289
16 18 -0.434049
16 19 -0.400237
16 20 -0.371471
16 21 -0.346930
16 22 -0.326930
16 23 -0.311085
16 24 -0.299367
16 25 -0.291867
16 26 -0.288182
16 27 -0.288907
16 28 -0.293250
16 29 -0.302317
16 30 -0.314919
16 31 -0.332665
16 32 -0.353979
16 33 -0.380935
16 34 -0.411599
16 35 -0.448440
16 36 -0.489201
16 37 -0.536644
16 38 -0.588235
16 39 -0.646873
16 40 -0.709811
16 41 -0.779867
16 42 -0.854158
16 43 -0.935199
16 44 -1.019771
16 45 -1.111736
16 46 -1.196267
16 47 -1.345185
16 48 -1.142486
17 1 -1.541090
17 2 -1.828253
17 3 -1.646691
17 4 -1.548506
17 5 -1.440654
17 6 -1.339011
17 7 -1.242526
17 8 -1.150707
17 9 -1.065210
17 10 -0.984623
17 11 -0.910624
17 12 -0.841516
17 13 -0.778877
17 14 -0.720924
17 15 -0.669088
17 16 -0.621671
17 17 -0.579896
17 18 -0.542297
17 19 -0.509828
17 20 -0.481364
17 21 -0.457537
17 22 -0.437645
17 23 -0.421949
17 24 -0.410233
17 25 -0.402345
17 26 -0.398592
17 27 -0.398391
17 28 -0.402586
17 29 -0.410152
17 30 -0.422464
17 31 -0.438068
17 32 -0.458837
17 33 -0.482912
17 34 -0.512602
17 35 -0.545689
17 36 -0.584818
17 37 -0.627472
17 38 -0.676490
17 39 -0.729134
17 40 -0.788248
17 41 -0.850971
17 42 -0.919901
17 43 -0.992248
17 44 -1.069749
17 45 -1.151835
17 46 -1.227638
17 47 -1.365926
17 48 -1.153194
18 1 -1.551307
18 2 -1.848785
18 3 -1.676684
18 4 -1.588268
18 5 -1.488611
18 6 -1.395707
18 7 -1.305881
18 8 -1.221518
18 9 -1.141117
18 10 -1.066651
18 11 -0.996335
18 12 -0.932092
18 13 -0.871966
18 14 -0.817765
18 15 -0.767544
18 16 -0.722916
18 17 -0.682111
18 18 -0.646471
18 19 -0.614535
18 20 -0.587305
18 21 -0.563733
18 22 -0.544419
18 23 -0.528810
18 24 -0.517055
18 25 -0.509144
18 26 -0.504750
18 27 -0.504427
18 28 -0.507359
18 29 -0.514669
18 30 -0.525057
18 31 -0.540187
18 32 -0.558302
18 33 -0.581550
18 34 -0.607764
18 35 -0.639486
18 36 -0.674205
18 37 -0.714726
18 38 -0.758282
18 39 -0.807769
18 40 -0.860275
18 41 -0.918568
18 42 -0.979721
18 43 -1.046184
18 44 -1.114850
18 45 -1.189565
18 46 -1.255767
18 47 -1.385379
18 48 -1.162763
19 1 -1.560803
19 2 -1.867340
19 3 -1.704625
19 4 -1.624342
19 5 -1.533472
19 6 -1.447449
19 7 -1.365471
19 8 -1.286602
19 9 -1.212938
19 10 -1.142624
19 11 -1.077900
19 12 -1.016631
19 13 -0.961007
19 14 -0.908823
19 15 -0.862108
19 16 -0.818769
19 17 -0.780576
19 18 -0.745705
19 19 -0.715576
19 20 -0.688763
19 21 -0.666262
19 22 -0.647141
19 23 -0.631910
19 24 -0.620200
19 25 -0.611997
19 26 -0.607532
19 27 -0.606245
19 28 -0.608978
19 29 -0.614629
19 30 -0.624632
19 31 -0.637365
19 32 -0.654805
19 33 -0.674855
19 34 -0.699955
19 35 -0.727604
19 36 -0.760582
19 37 -0.796076
19 38 -0.837047
19 39 -0.880493
19 40 -0.929349
19 41 -0.980575
19 42 -1.036836
19 43 -1.095285
19 44 -1.157733
19 45 -1.223695
19 46 -1.282426
19 47 -1.402901
19 48 -1.171815
20 1 -1.569412
20 2 -1.884785
20 3 -1.730012
20 4 -1.658346
20 5 -1.574410
20 6 -1.496410
20 7 -1.420164
20 8 -1.348472
20 9 -1.279300
20 10 -1.215185
20 11 -1.153804
20 12 -1.097722
20 13 -1.044459
20 14 -0.996480
20 15 -0.951343
20 16 -0.911284
20 17 -0.874084
20 18 -0.841632
20 19 -0.812084
20 20 -0.786888
20 21 -0.764691
20 22 -0.746424
20 23 -0.731316
20 24 -0.719726
20 25 -0.711515
20 26 -0.706442
20 27 -0.705025
20 28 -0.706414
20 29 -0.711778
20 30 -0.719675
20 31 -0.731886
20 32 -0.746419
20 33 -0.765593
20 34 -0.786938
20 35 -0.813200
20 36 -0.841525
20 37 -0.874937
20 38 -0.910324
20 39 -0.950795
20 40 -0.993139
20 41 -1.040325
20 42 -1.089212
20 43 -1.142443
20 44 -1.196818
20 45 -1.256381
20 46 -1.306612
20 47 -1.419649
20 48 -1.180007
21 1 -1.577590
21 2 -1.900657
21 3 -1.754164
21 4 -1.689378
21 5 -1.613455
21 6 -1.541297
21 7 -1.472497
21 8 -1.405518
21 9 -1.343022
21 10 -1.282521
21 11 -1.226931
21 12 -1.173483
21 13 -1.125086
21 14 -1.078927
21 15 -1.037737
21 16 -0.998867
21 17 -0.964723
21 18 -0.932999
21 19 -0.905653
21 20 -0.880866
21 21 -0.860052
21 22 -0.841984
21 23 -0.827463
21 24 -0.815928
21 25 -0.807522
21 26 -0.802388
21 27 -0.799992
21 28 -0.801190
21 29 -0.804780
21 30 -0.812302
21 31 -0.821920
21 32 -0.835799
21 33 -0.851535
21 34 -0.871817
21 35 -0.893768
21 36 -0.920461
21 37 -0.948674
21 38 -0.981685
21 39 -1.016087
21 40 -1.055142
21 41 -1.095453
21 42 -1.140008
21 43 -1.185698
21 44 -1.234642
21 45 -1.286220
21 46 -1.329978
21 47 -1.434890
21 48 -1.187913
22 1 -1.585039
22 2 -1.915922
22 3 -1.776202
22 4 -1.719262
22 5 -1.649205
22 6 -1.584610
22 7 -1.520647
22 8 -1.460691
22 9 -1.401990
22 10 -1.347793
22 11 -1.295033
22 12 -1.247062
22 13 -1.200668
22 14 -1.159106
22 15 -1.119257
22 16 -1.084092
22 17 -1.050792
22 18 -1.021888
22 19 -0.995036
22 20 -0.972203
22 21 -0.951648
22 22 -0.934686
22 23 -0.920272
22 24 -0.909007
22 25 -0.900599
22 26 -0.894903
22 27 -0.892402
22 28 -0.892202
22 29 -0.895549
22 30 -0.900824
22 31 -0.909991
22 32 -0.920761
22 33 -0.935729
22 34 -0.952028
22 35 -0.972756
22 36 -0.994593
22 37 -1.020970
22 38 -1.048278
22 39 -1.080068
22 40 -1.112642
22 41 -1.149422
22 42 -1.186845
22 43 -1.227991
22 44 -1.269349
22 45 -1.315362
22 46 -1.351342
22 47 -1.449764
22 48 -1.195129
23 1 -1.592291
23 2 -1.929841
23 3 -1.797670
23 4 -1.746581
23 5 -1.684065
23 6 -1.624364
23 7 -1.567650
23 8 -1.511593
23 9 -1.459615
23 10 -1.408371
23 11 -1.361640
23 12 -1.315789
23 13 -1.274618
23 14 -1.234496
23 15 -1.199002
23 16 -1.164753
23 17 -1.134915
23 18 -1.106554
23 19 -1.082265
23 20 -1.059725
23 21 -1.040840
23 22 -1.024015
23 23 -1.010385
23 24 -0.999158
23 25 -0.990653
23 26 -0.984918
23 27 -0.981439
23 28 -0.981108
23 29 -0.982591
23 30 -0.987593
23 31 -0.994003
23 32 -1.004271
23 33 -1.015588
23 34 -1.031036
23 35 -1.047229
23 36 -1.067723
23 37 -1.088716
23 38 -1.114032
23 39 -1.139660
23 40 -1.169441
23 41 -1.199403
23 42 -1.233111
23 43 -1.266966
23 44 -1.303626
23 45 -1.342114
23 46 -1.372436
23 47 -1.463383
23 48 -1.202252
24 1 -1.598895
24 2 -1.943583
24 3 -1.817251
24 4 -1.773556
24 5 -1.715964
24 6 -1.663621
24 7 -1.610859
24 8 -1.561852
24 9 -1.512888
24 10 -1.468161
24 11 -1.423605
24 12 -1.383570
24 13 -1.343876
24 14 -1.308755
24 15 -1.274198
24 16 -1.244069
24 17 -1.214776
24 18 -1.189619
24 19 -1.165618
24 20 -1.145353
24 21 -1.126600
24 22 -1.111119
24 23 -1.097537
24 24 -1.086725
24 25 -1.078220
24 26 -1.071972
24 27 -1.068447
24 28 -1.066675
24 29 -1.068032
24 30 -1.070662
24 31 -1.076800
24 32 -1.083768
24 33 -1.094566
24 34 -1.105802
24 35 -1.121100
24 36 -1.136506
24 37 -1.156079
24 38 -1.175505
24 39 -1.199030
24 40 -1.222237
24 41 -1.249271
24 42 -1.275896
24 43 -1.305893
24 44 -1.335188
24 45 -1.368850
24 46 -1.391800
24 47 -1.477000
24 48 -1.208781
25 1 -1.605516
25 2 -1.956076
25 3 -1.836875
25 4 -1.798143
25 5 -1.747907
25 6 -1.699550
25 7 -1.654072
25 8 -1.608098
25 9 -1.566075
25 10 -1.523522
25 11 -1.485339
25 12 -1.446760
25 13 -1.412704
25 14 -1.378479
25 15 -1.348711
25 16 -1.319076
25 17 -1.293656
25 18 -1.268730
25 19 -1.247647
25 20 -1.227465
25 21 -1.210661
25 22 -1.195197
25 23 -1.182589
25 24 -1.171777
25 25 -1.163272
25 26 -1.157025
25 27 -1.152524
25 28 -1.150736
25 29 -1.150144
25 30 -1.152691
25 31 -1.155911
25 32 -1.162647
25 33 -1.169573
25 34 -1.180315
25 35 -1.190823
25 36 -1.205335
25 37 -1.219268
25 38 -1.237239
25 39 -1.254390
25 40 -1.275424
25 41 -1.295517
25 42 -1.319109
25 43 -1.341822
25 44 -1.367131
25 45 -1.393437
25 46 -1.411424
25 47 -1.489493
25 48 -1.215402
26 1 -1.611507
26 2 -1.968815
26 3 -1.854669
26 4 -1.823178
26 5 -1.776976
26 6 -1.736046
26 7 -1.693603
26 8 -1.654930
26 9 -1.615038
26 10 -1.579381
26 11 -1.542575
26 12 -1.510262
26 13 -1.476999
26 14 -1.448246
26 15 -1.418856
26 16 -1.393788
26 17 -1.368483
26 18 -1.347156
26 19 -1.326051
26 20 -1.308465
26 21 -1.291595
26 22 -1.277711
26 23 -1.265056
26 24 -1.254804
26 25 -1.246298
26 26 -1.239589
26 27 -1.235135
26 28 -1.231863
26 29 -1.231331
26 30 -1.231379
26 31 -1.234605
26 32 -1.237839
26 33 -1.244623
26 34 -1.250889
26 35 -1.260979
26 36 -1.270104
26 37 -1.283189
26 38 -1.294967
26 39 -1.310670
26 40 -1.324864
26 41 -1.342740
26 42 -1.359064
26 43 -1.378648
26 44 -1.396537
26 45 -1.418711
26 46 -1.429435
26 47 -1.502358
26 48 -1.221468
27 1 -1.617739
27 2 -1.980288
27 3 -1.873145
27 4 -1.845795
27 5 -1.807064
27 6 -1.769186
27 7 -1.734337
27 8 -1.697732
27 9 -1.665225
27 10 -1.630819
27 11 -1.600900
27 12 -1.569214
27 13 -1.542119
27 14 -1.513558
27 15 -1.489459
27 16 -1.464321
27 17 -1.443334
27 18 -1.421814
27 19 -1.403995
27 20 -1.386200
27 21 -1.371562
27 22 -1.357525
27 23 -1.346035
27 24 -1.335728
27 25 -1.327320
27 26 -1.320666
27 27 -1.315241
27 28 -1.312116
27 29 -1.309546
27 30 -1.309784
27 31 -1.309917
27 32 -1.313303
27 33 -1.315959
27 34 -1.322230
27 35 -1.327208
27 36 -1.336043
27 37 -1.343122
27 38 -1.354146
27 39 -1.363094
27 40 -1.375878
27 41 -1.386463
27 42 -1.400535
27 43 -1.412568
27 44 -1.427208
27 45 -1.441896
27 46 -1.448285
27 47 -1.514130
27 48 -1.227830
28 1 -1.623303
28 2 -1.992475
28 3 -1.889683
28 4 -1.869733
28 5 -1.834129
28 6 -1.804063
28 7 -1.771228
28 8 -1.742459
28 9 -1.711046
28 10 -1.684144
28 11 -1.654628
28 12 -1.629824
28 13 -1.602664
28 14 -1.580153
28 15 -1.555722
28 16 -1.535661
28 17 -1.514233
28 18 -1.496738
28 19 -1.478494
28 20 -1.463630
28 21 -1.448666
28 22 -1.436449
28 23 -1.424786
28 24 -1.415183
28 25 -1.406777
28 26 -1.399711
28 27 -1.394457
28 28 -1.389805
28 29 -1.387544
28 30 -1.385143
28 31 -1.385660
28 32 -1.385310
28 33 -1.388330
28 34 -1.389803
28 35 -1.394994
28 36 -1.398039
28 37 -1.405015
28 38 -1.409382
28 39 -1.417711
28 40 -1.423166
28 41 -1.432394
28 42 -1.438739
28 43 -1.448464
28 44 -1.455316
28 45 -1.466575
28 46 -1.465496
28 47 -1.526708
28 48 -1.233626
29 1 -1.629371
29 2 -2.003258
29 3 -1.907653
29 4 -1.891011
29 5 -1.863342
29 6 -1.835284
29 7 -1.810692
29 8 -1.782854
29 9 -1.759560
29 10 -1.732789
29 11 -1.710897
29 12 -1.685698
29 13 -1.665389
29 14 -1.642197
29 15 -1.623655
29 16 -1.602820
29 17 -1.586207
29 18 -1.567987
29 19 -1.553425
29 20 -1.537985
29 21 -1.525545
29 22 -1.512963
29 23 -1.502660
29 24 -1.492936
29 25 -1.484724
29 26 -1.477786
29 27 -1.471563
29 28 -1.467268
29 29 -1.462875
29 30 -1.461016
29 31 -1.458240
29 32 -1.458542
29 33 -1.457130
29 34 -1.459250
29 35 -1.458917
29 36 -1.462455
29 37 -1.462912
29 38 -1.467417
29 39 -1.468399
29 40 -1.473399
29 41 -1.474707
29 42 -1.479740
29 43 -1.481316
29 44 -1.485750
29 45 -1.489046
29 46 -1.484253
29 47 -1.538122
29 48 -1.239966
30 1 -1.634663
30 2 -2.015338
30 3 -1.923389
30 4 -1.914679
30 5 -1.889111
30 6 -1.869643
30 7 -1.845847
30 8 -1.826739
30 9 -1.803271
30 10 -1.784902
30 11 -1.762211
30 12 -1.744721
30 13 -1.723292
30 14 -1.706864
30 15 -1.687116
30 16 -1.671949
30 17 -1.654217
30 18 -1.640488
30 19 -1.625012
30 20 -1.612852
30 21 -1.599775
30 22 -1.589257
30 23 -1.578632
30 24 -1.569758
30 25 -1.561555
30 26 -1.554254
30 27 -1.548361
30 28 -1.542491
30 29 -1.538718
30 30 -1.534068
30 31 -1.532148
30 32 -1.528446
30 33 -1.528035
30 34 -1.524964
30 35 -1.525645
30 36 -1.522866
30 37 -1.524166
30 38 -1.521358
30 39 -1.522770
30 40 -1.519682
30 41 -1.520712
30 42 -1.517212
30 43 -1.517480
30 44 -1.513372
30 45 -1.514031
30 46 -1.501190
30 47 -1.550898
30 48 -1.245674
31 1 -1.640802
31 2 -2.025723
31 3 -1.941525
31 4 -1.935175
31 5 -1.918455
31 6 -1.899721
31 7 -1.885256
31 8 -1.865662
31 9 -1.851418
31 10 -1.831780
31 11 -1.817730
31 12 -1.798580
31 13 -1.784872
31 14 -1.766697
31 15 -1.753547
31 16 -1.736759
31 17 -1.724396
31 18 -1.709313
31 19 -1.697934
31 20 -1.684772
31 21 -1.674515
31 22 -1.663390
31 23 -1.654317
31 24 -1.645250
31 25 -1.637339
31 26 -1.630257
31 27 -1.623397
31 28 -1.618141
31 29 -1.612136
31 30 -1.608455
31 31 -1.603028
31 32 -1.600586
31 33 -1.595393
31 34 -1.593766
31 35 -1.588418
31 36 -1.587110
31 37 -1.581214
31 38 -1.579678
31 39 -1.572898
31 40 -1.570575
31 41 -1.562711
31 42 -1.559097
31 43 -1.550198
31 44 -1.544695
31 45 -1.536471
31 46 -1.520607
31 47 -1.562317
31 48 -1.252258
32 1 -1.645965
32 2 -2.038197
32 3 -1.956873
32 4 -1.959487
32 5 -1.943581
32 6 -1.934749
32 7 -1.919514
32 8 -1.910017
32 9 -1.893979
32 10 -1.884008
32 11 -1.867653
32 12 -1.857288
32 13 -1.841165
32 14 -1.830618
32 15 -1.815220
32 16 -1.804764
32 17 -1.790491
32 18 -1.780392
32 19 -1.767541
32 20 -1.758014
32 21 -1.746770
32 22 -1.737949
32 23 -1.728394
32 24 -1.720318
32 25 -1.712430
32 26 -1.705037
32 27 -1.698694
32 28 -1.691819
32 29 -1.686801
32 30 -1.680176
32 31 -1.676164
32 32 -1.669431
32 33 -1.666005
32 34 -1.658734
32 35 -1.655383
32 36 -1.647106
32 37 -1.643244
32 38 -1.633519
32 39 -1.628519
32 40 -1.617017
32 41 -1.610281
32 42 -1.596889
32 43 -1.587986
32 44 -1.572676
32 45 -1.562815
32 46 -1.537821
32 47 -1.575870
32 48 -1.258070
33 1 -1.652467
33 2 -2.048462
33 3 -1.975982
33 4 -1.979734
33 5 -1.974225
33 6 -1.964429
33 7 -1.960214
33 8 -1.948363
33 9 -1.943135
33 10 -1.930103
33 11 -1.923737
33 12 -1.910145
33 13 -1.902813
33 14 -1.889241
33 15 -1.881249
33 16 -1.868189
33 17 -1.859875
33 18 -1.847713
33 19 -1.839377
33 20 -1.828377
33 21 -1.820241
33 22 -1.810553
33 23 -1.802734
33 24 -1.794395
33 25 -1.786894
33 26 -1.779831
33 27 -1.772530
33 28 -1.766562
33 29 -1.759224
33 30 -1.754059
33 31 -1.746328
33 32 -1.741566
33 33 -1.732984
33 34 -1.728111
33 35 -1.718146
33 36 -1.712547
33 37 -1.700644
33 38 -1.693631
33 39 -1.679304
33 40 -1.670168
33 41 -1.653129
33 42 -1.641230
33 43 -1.621582
33 44 -1.606262
33 45 -1.585979
33 46 -1.558851
33 47 -1.587697
33 48 -1.265240
34 1 -1.657641
34 2 -2.061987
34 3 -1.991356
34 4 -2.005841
34 5 -1.999361
34 6 -2.001538
34 7 -1.994411
34 8 -1.994659
34 9 -1.985498
34 10 -1.983843
34 11 -1.973267
34 12 -1.969805
34 13 -1.958491
34 14 -1.953545
34 15 -1.942092
34 16 -1.936076
34 17 -1.924965
34 18 -1.918280
34 19 -1.907867
34 20 -1.900836
34 21 -1.891346
34 22 -1.884181
34 23 -1.875718
34 24 -1.868503
34 25 -1.861051
34 26 -1.853733
34 27 -1.847161
34 28 -1.839547
34 29 -1.833605
34 30 -1.825366
34 31 -1.819680
34 32 -1.810352
34 33 -1.804425
34 34 -1.793428
34 35 -1.786636
34 36 -1.773315
34 37 -1.764923
34 38 -1.748625
34 39 -1.737823
34 40 -1.718028
34 41 -1.704017
34 42 -1.680519
34 43 -1.662687
34 44 -1.635576
34 45 -1.615062
34 46 -1.576988
34 47 -1.602817
34 48 -1.271382
35 1 -1.664917
35 2 -2.072417
35 3 -2.012549
35 4 -2.026393
35 5 -2.032819
35 6 -2.031598
35 7 -2.038027
35 8 -2.033355
35 9 -2.037202
35 10 -2.030151
35 11 -2.031282
35 12 -2.022660
35 13 -2.021388
35 14 -2.011921
35 15 -2.008740
35 16 -1.999025
35 17 -1.994454
35 18 -1.984947
35 19 -1.979431
35 20 -1.970445
35 21 -1.964311
35 22 -1.956023
35 23 -1.949455
35 24 -1.941916
35 25 -1.934944
35 26 -1.928080
35 27 -1.920578
35 28 -1.914188
35 29 -1.905873
35 30 -1.899627
35 31 -1.890054
35 32 -1.883484
35 33 -1.872055
35 34 -1.864551
35 35 -1.850535
35 36 -1.841341
35 37 -1.823933
35 38 -1.812165
35 39 -1.790599
35 40 -1.775300
35 41 -1.749042
35 42 -1.729295
35 43 -1.698362
35 44 -1.673268
35 45 -1.639869
35 46 -1.600980
35 47 -1.615554
35 48 -1.279640
36 1 -1.670248
36 2 -2.087979
36 3 -2.028389
36 4 -2.055931
36 5 -2.058674
36 6 -2.072642
36 7 -2.073071
36 8 -2.083353
36 9 -2.080375
36 10 -2.086930
36 11 -2.081444
36 12 -2.084545
36 13 -2.077436
36 14 -2.077664
36 15 -2.069673
36 16 -2.067688
36 17 -2.059386
36 18 -2.055787
36 19 -2.047585
36 20 -2.042837
36 21 -2.034998
36 22 -2.029406
36 23 -2.022049
36 24 -2.015747
36 25 -2.008864
36 26 -2.001811
36 27 -1.995261
36 28 -1.987240
36 29 -1.980744
36 30 -1.971357
36 31 -1.964496
36 32 -1.953157
36 33 -1.945353
36 34 -1.931296
36 35 -1.921803
36 36 -1.904108
36 37 -1.892005
36 38 -1.869677
36 39 -1.853893
36 40 -1.826031
36 41 -1.805423
36 42 -1.771505
36 43 -1.745071
36 44 -1.705140
36 45 -1.673701
36 46 -1.620874
36 47 -1.633444
36 48 -1.286408
37 1 -1.678972
37 2 -2.098878
37 3 -2.053393
37 4 -2.077409
37 5 -2.097117
37 6 -2.103968
37 7 -2.121703
37 8 -2.123437
37 9 -2.136408
37 10 -2.134526
37 11 -2.142812
37 12 -2.138429
37 13 -2.142703
37 14 -2.136741
37 15 -2.137842
37 16 -2.131017
37 17 -2.129736
37 18 -2.122572
37 19 -2.119547
37 20 -2.112397
37 21 -2.108081
37 22 -2.101145
37 23 -2.095795
37 24 -2.089133
37 25 -2.082814
37 26 -2.076348
37 27 -2.068929
37 28 -2.062447
37 29 -2.053599
37 30 -2.046738
37 31 -2.035923
37 32 -2.028158
37 33 -2.014617
37 34 -2.005241
37 35 -1.987994
37 36 -1.976093
37 37 -1.953973
37 38 -1.938420
37 39 -1.910184
37 40 -1.889660
37 41 -1.854247
37 42 -1.827343
37 43 -1.784372
37 44 -1.749634
37 45 -1.701385
37 46 -1.649956
37 47 -1.647775
37 48 -1.296577
38 1 -1.684611
38 2 -2.118163
38 3 -2.070189
38 4 -2.112953
38 5 -2.124534
38 6 -2.151557
38 7 -2.158673
38 8 -2.179321
38 9 -2.181548
38 10 -2.196008
38 11 -2.194716
38 12 -2.203769
38 13 -2.200124
38 14 -2.204849
38 15 -2.199747
38 16 -2.201188
38 17 -2.195285
38 18 -2.194302
38 19 -2.188053
38 20 -2.185282
38 21 -2.178972
38 22 -2.174818
38 23 -2.168580
38 24 -2.163230
38 25 -2.157057
38 26 -2.150486
38 27 -2.144232
38 28 -2.136202
38 29 -2.129573
38 30 -2.119622
38 31 -2.112163
38 32 -2.099582
38 33 -2.090648
38 34 -2.074460
38 35 -2.063186
38 36 -2.042132
38 37 -2.027398
38 38 -1.999979
38 39 -1.980380
38 40 -1.945018
38 41 -1.918897
38 42 -1.874325
38 43 -1.839965
38 44 -1.785745
38 45 -1.743158
38 46 -1.672788
38 47 -1.670504
38 48 -1.304394
39 1 -1.696050
39 2 -2.129836
39 3 -2.102024
39 4 -2.136098
39 5 -2.171321
39 6 -2.185263
39 7 -2.215137
39 8 -2.222067
39 9 -2.243963
39 10 -2.246128
39 11 -2.260848
39 12 -2.259781
39 13 -2.268734
39 14 -2.265565
39 15 -2.270146
39 16 -2.265690
39 17 -2.267055
39 18 -2.261884
39 19 -2.260896
39 20 -2.255384
39 21 -2.252629
39 22 -2.246985
39 23 -2.242791
39 24 -2.237080
39 25 -2.231544
39 26 -2.225690
39 27 -2.218682
39 28 -2.212466
39 29 -2.203623
39 30 -2.196669
39 31 -2.185371
39 32 -2.177116
39 33 -2.162447
39 34 -2.152110
39 35 -2.132812
39 36 -2.119335
39 37 -2.093775
39 38 -2.075767
39 39 -2.041983
39 40 -2.017666
39 41 -1.973605
39 42 -1.940820
39 43 -1.885035
39 44 -1.841246
39 45 -1.775510
39 46 -1.710671
39 47 -1.687433
39 48 -1.318015
40 1 -1.702081
40 2 -2.156141
40 3 -2.120296
40 4 -2.182082
40 5 -2.201401
40 6 -2.243212
40 7 -2.255457
40 8 -2.286509
40 9 -2.292495
40 10 -2.314013
40 11 -2.315745
40 12 -2.329632
40 13 -2.328560
40 14 -2.336721
40 15 -2.333858
40 16 -2.337857
40 17 -2.333901
40 18 -2.334901
40 19 -2.330323
40 20 -2.329125
40 21 -2.324212
40 22 -2.321311
40 23 -2.316198
40 24 -2.311826
40 25 -2.306507
40 26 -2.300655
40 27 -2.294988
40 28 -2.287409
40 29 -2.281099
40 30 -2.271289
40 31 -2.263871
40 32 -2.251025
40 33 -2.241821
40 34 -2.224763
40 35 -2.212829
40 36 -2.189933
40 37 -2.173972
40 38 -2.143088
40 39 -2.121351
40 40 -2.079841
40 41 -2.050019
40 42 -1.995119
40 43 -1.954364
40 44 -1.884088
40 45 -1.830714
40 46 -1.738235
40 47 -1.719001
40 48 -1.327504
41 1 -1.719049
41 2 -2.168705
41 3 -2.164846
41 4 -2.207825
41 5 -2.261970
41 6 -2.280889
41 7 -2.323453
41 8 -2.333629
41 9 -2.363458
41 10 -2.368151
41 11 -2.387830
41 12 -2.388957
41 13 -2.401171
41 14 -2.399987
41 15 -2.406886
41 16 -2.404236
41 17 -2.407385
41 18 -2.403836
41 19 -2.404306
41 20 -2.400222
41 21 -2.398701
41 22 -2.394286
41 23 -2.391153
41 24 -2.386469
41 25 -2.381845
41 26 -2.376820
41 27 -2.370582
41 28 -2.365007
41 29 -2.356784
41 30 -2.350292
41 31 -2.339421
41 32 -2.331454
41 33 -2.316910
41 34 -2.306661
41 35 -2.286946
41 36 -2.273278
41 37 -2.246268
41 38 -2.227584
41 39 -2.190382
41 40 -2.164446
41 41 -2.113387
41 42 -2.077100
41 43 -2.008382
41 44 -1.957428
41 45 -1.870558
41 46 -1.792084
41 47 -1.740071
41 48 -1.347934
42 1 -1.725063
42 2 -2.209504
42 3 -2.184950
42 4 -2.272353
42 5 -2.296371
42 6 -2.354640
42 7 -2.369224
42 8 -2.409542
42 9 -2.417241
42 10 -2.443806
42 11 -2.447133
42 12 -2.463910
42 13 -2.464417
42 14 -2.474446
42 15 -2.473132
42 16 -2.478532
42 17 -2.476060
42 18 -2.478248
42 19 -2.475055
42 20 -2.474942
42 21 -2.471292
42 22 -2.469416
42 23 -2.465433
42 24 -2.462048
42 25 -2.457726
42 26 -2.452837
42 27 -2.448047
42 28 -2.441419
42 29 -2.435889
42 30 -2.427018
42 31 -2.420311
42 32 -2.408361
42 33 -2.399824
42 34 -2.383514
42 35 -2.372201
42 36 -2.349614
42 37 -2.334162
42 38 -2.302491
42 39 -2.280919
42 40 -2.236149
42 41 -2.205550
42 42 -2.142353
42 43 -2.098480
42 44 -2.010981
42 45 -1.949191
42 46 -1.827295
42 47 -1.789380
42 48 -1.359921
43 1 -1.755455
43 2 -2.222018
43 3 -2.254948
43 4 -2.302177
43 5 -2.379441
43 6 -2.399041
43 7 -2.453070
43 8 -2.463603
43 9 -2.498507
43 10 -2.503871
43 11 -2.525761
43 12 -2.527859
43 13 -2.541180
43 14 -2.541154
43 15 -2.548821
43 16 -2.547417
43 17 -2.551291
43 18 -2.549004
43 19 -2.550255
43 20 -2.547401
43 21 -2.546740
43 22 -2.543493
43 23 -2.541302
43 24 -2.537715
43 25 -2.534122
43 26 -2.530134
43 27 -2.525035
43 28 -2.520464
43 29 -2.513514
43 30 -2.508036
43 31 -2.498603
43 32 -2.491717
43 33 -2.478779
43 34 -2.469741
43 35 -2.451711
43 36 -2.439427
43 37 -2.413857
43 38 -2.396703
43 39 -2.359812
43 40 -2.335326
43 41 -2.281356
43 42 -2.245680
43 43 -2.166523
43 44 -2.113206
43 45 -2.001534
43 46 -1.912402
43 47 -1.816953
43 48 -1.396287
44 1 -1.757342
44 2 -2.296960
44 3 -2.276220
44 4 -2.399600
44 5 -2.421014
44 6 -2.494699
44 7 -2.507300
44 8 -2.552582
44 9 -2.559534
44 10 -2.587091
44 11 -2.590515
44 12 -2.607155
44 13 -2.608266
44 14 -2.618072
44 15 -2.617656
44 16 -2.623065
44 17 -2.621649
44 18 -2.624132
44 19 -2.622064
44 20 -2.622504
44 21 -2.619996
44 22 -2.618898
44 23 -2.616048
44 24 -2.613645
44 25 -2.610451
44 26 -2.606757
44 27 -2.603112
44 28 -2.597929
44 29 -2.593611
44 30 -2.586500
44 31 -2.581147
44 32 -2.571356
44 33 -2.564416
44 34 -2.550733
44 35 -2.541381
44 36 -2.521872
44 37 -2.508870
44 38 -2.480401
44 39 -2.461845
44 40 -2.419228
44 41 -2.392075
44 42 -2.326687
44 43 -2.285824
44 44 -2.184043
44 45 -2.121478
44 46 -1.960168
44 47 -1.906956
44 48 -1.410123
45 1 -1.833990
45 2 -2.306178
45 3 -2.402794
45 4 -2.440131
45 5 -2.540726
45 6 -2.554002
45 7 -2.612507
45 8 -2.620099
45 9 -2.653750
45 10 -2.657998
45 11 -2.677700
45 12 -2.679662
45 13 -2.691239
45 14 -2.691641
45 15 -2.698260
45 16 -2.697617
45 17 -2.701073
45 18 -2.699738
45 19 -2.701077
45 20 -2.699279
45 21 -2.699104
45 22 -2.696971
45 23 -2.695600
45 24 -2.693171
45 25 -2.690712
45 26 -2.687941
45 27 -2.684318
45 28 -2.681068
45 29 -2.676013
45 30 -2.672043
45 31 -2.665048
45 32 -2.659975
45 33 -2.650193
45 34 -2.643438
45 35 -2.629483
45 36 -2.620169
45 37 -2.599737
45 38 -2.586510
45 39 -2.555613
45 40 -2.536309
45 41 -2.487713
45 42 -2.458669
45 43 -2.378878
45 44 -2.333019
45 45 -2.199402
45 46 -2.113236
45 47 -1.946815
45 48 -1.498721
46 1 -1.787772
46 2 -2.460043
46 3 -2.410330
46 4 -2.575376
46 5 -2.581579
46 6 -2.658085
46 7 -2.664333
46 8 -2.703980
46 9 -2.708206
46 10 -2.730110
46 11 -2.732468
46 12 -2.745024
46 13 -2.745973
46 14 -2.753203
46 15 -2.753165
46 16 -2.757160
46 17 -2.756456
46 18 -2.758374
46 19 -2.757223
46 20 -2.757725
46 21 -2.756262
46 22 -2.755712
46 23 -2.754001
46 24 -2.752568
46 25 -2.750605
46 26 -2.748301
46 27 -2.746018
46 28 -2.742710
46 29 -2.739961
46 30 -2.735347
46 31 -2.731890
46 32 -2.725437
46 33 -2.720902
46 34 -2.711722
46 35 -2.705540
46 36 -2.692139
46 37 -2.683436
46 38 -2.663182
46 39 -2.650573
46 40 -2.618510
46 41 -2.599709
46 42 -2.545683
46 43 -2.516712
46 44 -2.418009
46 45 -2.372040
46 46 -2.171145
46 47 -2.131322
46 48 -1.483973
47 1 -2.169622
47 2 -2.548657
47 3 -2.739907
47 4 -2.740932
47 5 -2.838444
47 6 -2.840296
47 7 -2.883847
47 8 -2.886845
47 9 -2.908765
47 10 -2.910895
47 11 -2.922888
47 12 -2.924000
47 13 -2.930816
47 14 -2.931138
47 15 -2.934988
47 16 -2.934756
47 17 -2.936785
47 18 -2.936177
47 19 -2.937016
47 20 -2.936150
47 21 -2.936151
47 22 -2.935094
47 23 -2.934439
47 24 -2.933212
47 25 -2.931963
47 26 -2.930541
47 27 -2.928658
47 28 -2.926969
47 29 -2.924303
47 30 -2.922216
47 31 -2.918483
47 32 -2.915791
47 33 -2.910504
47 34 -2.906888
47 35 -2.899225
47 36 -2.894194
47 37 -2.882706
47 38 -2.875491
47 39 -2.857450
47 40 -2.846806
47 41 -2.816497
47 42 -2.800381
47 43 -2.744057
47 44 -2.719010
47 45 -2.598867
47 46 -2.551093
47 47 -2.294613
47 48 -1.897294
48 1 -1.363692
48 2 -2.355549
48 3 -2.206596
48 4 -2.343042
48 5 -2.332543
48 6 -2.371919
48 7 -2.372432
48 8 -2.389241
48 9 -2.390456
48 10 -2.399015
48 11 -2.399816
48 12 -2.404540
48 13 -2.404897
48 14 -2.407570
48 15 -2.407593
48 16 -2.409066
48 17 -2.408855
48 18 -2.409574
48 19 -2.409205
48 20 -2.409416
48 21 -2.408935
48 22 -2.408772
48 23 -2.408201
48 24 -2.407725
48 25 -2.407063
48 26 -2.406279
48 27 -2.405502
48 28 -2.404364
48 29 -2.403420
48 30 -2.401819
48 31 -2.400624
48 32 -2.398368
48 33 -2.396790
48 34 -2.393549
48 35 -2.391386
48 36 -2.386590
48 37 -2.383527
48 38 -2.376120
48 39 -2.371654
48 40 -2.359479
48 41 -2.352812
48 42 -2.330700
48 43 -2.320812
48 44 -2.272827
48 45 -2.262249
48 46 -2.112189
48 47 -2.176180
48 48 -1.227528
0159
48 26 -2.419318
48 27 -2.418427
48 28 -2.417128
48 29 -2.415968
48 30 -2.414105
48 31 -2.412594
48 32 -2.409977
48 33 -2.407989
48 34 -2.404295
48 35 -2.401632
48 36 -2.396297
48 37 -2.392651
48 38 -2.384628
48 39 -2.379507
48 40 -2.366646
48 41 -2.359260
48 42 -2.336405
48 43 -2.325748
48 44 -2.276974
48 45 -2.265588
48 46 -2.114706
48 47 -2.177864
48 48 -1.228372
268728
48 46 -2.117074
48 47 -2.179448
48 48 -1.229165
